924 вариантов
111111000000
111110100000
111110010000
111110001000
111110000100
111110000010
111110000001
111101100000
111101010000
111101001000
111101000100
111101000010
111101000001
111100110000
111100101000
111100100100
111100100010
111100100001
111100011000
111100010100
111100010010
111100010001
111100001100
111100001010
111100001001
111100000110
111100000101
111100000011
111011100000
111011010000
111011001000
111011000100
111011000010
111011000001
111010110000
111010101000
111010100100
111010100010
111010100001
111010011000
111010010100
111010010010
111010010001
111010001100
111010001010
111010001001
111010000110
111010000101
111010000011
111001110000
111001101000
111001100100
111001100010
111001100001
111001011000
111001010100
111001010010
111001010001
111001001100
111001001010
111001001001
111001000110
111001000101
111001000011
111000111000
111000110100
111000110010
111000110001
111000101100
111000101010
111000101001
111000100110
111000100101
111000100011
111000011100
111000011010
111000011001
111000010110
111000010101
111000010011
111000001110
111000001101
111000001011
111000000111
110111100000
110111010000
110111001000
110111000100
110111000010
110111000001
110110110000
110110101000
110110100100
110110100010
110110100001
110110011000
110110010100
110110010010
110110010001
110110001100
110110001010
110110001001
110110000110
110110000101
110110000011
110101110000
110101101000
110101100100
110101100010
110101100001
110101011000
110101010100
110101010010
110101010001
110101001100
110101001010
110101001001
110101000110
110101000101
110101000011
110100111000
110100110100
110100110010
110100110001
110100101100
110100101010
110100101001
110100100110
110100100101
110100100011
110100011100
110100011010
110100011001
110100010110
110100010101
110100010011
110100001110
110100001101
110100001011
110100000111
110011110000
110011101000
110011100100
110011100010
110011100001
110011011000
110011010100
110011010010
110011010001
110011001100
110011001010
110011001001
110011000110
110011000101
110011000011
110010111000
110010110100
110010110010
110010110001
110010101100
110010101010
110010101001
110010100110
110010100101
110010100011
110010011100
110010011010
110010011001
110010010110
110010010101
110010010011
110010001110
110010001101
110010001011
110010000111
110001111000
110001110100
110001110010
110001110001
110001101100
110001101010
110001101001
110001100110
110001100101
110001100011
110001011100
110001011010
110001011001
110001010110
110001010101
110001010011
110001001110
110001001101
110001001011
110001000111
110000111100
110000111010
110000111001
110000110110
110000110101
110000110011
110000101110
110000101101
110000101011
110000100111
110000011110
110000011101
110000011011
110000010111
110000001111
101111100000
101111010000
101111001000
101111000100
101111000010
101111000001
101110110000
101110101000
101110100100
101110100010
101110100001
101110011000
101110010100
101110010010
101110010001
101110001100
101110001010
101110001001
101110000110
101110000101
101110000011
101101110000
101101101000
101101100100
101101100010
101101100001
101101011000
101101010100
101101010010
101101010001
101101001100
101101001010
101101001001
101101000110
101101000101
101101000011
101100111000
101100110100
101100110010
101100110001
101100101100
101100101010
101100101001
101100100110
101100100101
101100100011
101100011100
101100011010
101100011001
101100010110
101100010101
101100010011
101100001110
101100001101
101100001011
101100000111
101011110000
101011101000
101011100100
101011100010
101011100001
101011011000
101011010100
101011010010
101011010001
101011001100
101011001010
101011001001
101011000110
101011000101
101011000011
101010111000
101010110100
101010110010
101010110001
101010101100
101010101010
101010101001
101010100110
101010100101
101010100011
101010011100
101010011010
101010011001
101010010110
101010010101
101010010011
101010001110
101010001101
101010001011
101010000111
101001111000
101001110100
101001110010
101001110001
101001101100
101001101010
101001101001
101001100110
101001100101
101001100011
101001011100
101001011010
101001011001
101001010110
101001010101
101001010011
101001001110
101001001101
101001001011
101001000111
101000111100
101000111010
101000111001
101000110110
101000110101
101000110011
101000101110
101000101101
101000101011
101000100111
101000011110
101000011101
101000011011
101000010111
101000001111
100111110000
100111101000
100111100100
100111100010
100111100001
100111011000
100111010100
100111010010
100111010001
100111001100
100111001010
100111001001
100111000110
100111000101
100111000011
100110111000
100110110100
100110110010
100110110001
100110101100
100110101010
100110101001
100110100110
100110100101
100110100011
100110011100
100110011010
100110011001
100110010110
100110010101
100110010011
100110001110
100110001101
100110001011
100110000111
100101111000
100101110100
100101110010
100101110001
100101101100
100101101010
100101101001
100101100110
100101100101
100101100011
100101011100
100101011010
100101011001
100101010110
100101010101
100101010011
100101001110
100101001101
100101001011
100101000111
100100111100
100100111010
100100111001
100100110110
100100110101
100100110011
100100101110
100100101101
100100101011
100100100111
100100011110
100100011101
100100011011
100100010111
100100001111
100011111000
100011110100
100011110010
100011110001
100011101100
100011101010
100011101001
100011100110
100011100101
100011100011
100011011100
100011011010
100011011001
100011010110
100011010101
100011010011
100011001110
100011001101
100011001011
100011000111
100010111100
100010111010
100010111001
100010110110
100010110101
100010110011
100010101110
100010101101
100010101011
100010100111
100010011110
100010011101
100010011011
100010010111
100010001111
100001111100
100001111010
100001111001
100001110110
100001110101
100001110011
100001101110
100001101101
100001101011
100001100111
100001011110
100001011101
100001011011
100001010111
100001001111
100000111110
100000111101
100000111011
100000110111
100000101111
100000011111
011111100000
011111010000
011111001000
011111000100
011111000010
011111000001
011110110000
011110101000
011110100100
011110100010
011110100001
011110011000
011110010100
011110010010
011110010001
011110001100
011110001010
011110001001
011110000110
011110000101
011110000011
011101110000
011101101000
011101100100
011101100010
011101100001
011101011000
011101010100
011101010010
011101010001
011101001100
011101001010
011101001001
011101000110
011101000101
011101000011
011100111000
011100110100
011100110010
011100110001
011100101100
011100101010
011100101001
011100100110
011100100101
011100100011
011100011100
011100011010
011100011001
011100010110
011100010101
011100010011
011100001110
011100001101
011100001011
011100000111
011011110000
011011101000
011011100100
011011100010
011011100001
011011011000
011011010100
011011010010
011011010001
011011001100
011011001010
011011001001
011011000110
011011000101
011011000011
011010111000
011010110100
011010110010
011010110001
011010101100
011010101010
011010101001
011010100110
011010100101
011010100011
011010011100
011010011010
011010011001
011010010110
011010010101
011010010011
011010001110
011010001101
011010001011
011010000111
011001111000
011001110100
011001110010
011001110001
011001101100
011001101010
011001101001
011001100110
011001100101
011001100011
011001011100
011001011010
011001011001
011001010110
011001010101
011001010011
011001001110
011001001101
011001001011
011001000111
011000111100
011000111010
011000111001
011000110110
011000110101
011000110011
011000101110
011000101101
011000101011
011000100111
011000011110
011000011101
011000011011
011000010111
011000001111
010111110000
010111101000
010111100100
010111100010
010111100001
010111011000
010111010100
010111010010
010111010001
010111001100
010111001010
010111001001
010111000110
010111000101
010111000011
010110111000
010110110100
010110110010
010110110001
010110101100
010110101010
010110101001
010110100110
010110100101
010110100011
010110011100
010110011010
010110011001
010110010110
010110010101
010110010011
010110001110
010110001101
010110001011
010110000111
010101111000
010101110100
010101110010
010101110001
010101101100
010101101010
010101101001
010101100110
010101100101
010101100011
010101011100
010101011010
010101011001
010101010110
010101010101
010101010011
010101001110
010101001101
010101001011
010101000111
010100111100
010100111010
010100111001
010100110110
010100110101
010100110011
010100101110
010100101101
010100101011
010100100111
010100011110
010100011101
010100011011
010100010111
010100001111
010011111000
010011110100
010011110010
010011110001
010011101100
010011101010
010011101001
010011100110
010011100101
010011100011
010011011100
010011011010
010011011001
010011010110
010011010101
010011010011
010011001110
010011001101
010011001011
010011000111
010010111100
010010111010
010010111001
010010110110
010010110101
010010110011
010010101110
010010101101
010010101011
010010100111
010010011110
010010011101
010010011011
010010010111
010010001111
010001111100
010001111010
010001111001
010001110110
010001110101
010001110011
010001101110
010001101101
010001101011
010001100111
010001011110
010001011101
010001011011
010001010111
010001001111
010000111110
010000111101
010000111011
010000110111
010000101111
010000011111
001111110000
001111101000
001111100100
001111100010
001111100001
001111011000
001111010100
001111010010
001111010001
001111001100
001111001010
001111001001
001111000110
001111000101
001111000011
001110111000
001110110100
001110110010
001110110001
001110101100
001110101010
001110101001
001110100110
001110100101
001110100011
001110011100
001110011010
001110011001
001110010110
001110010101
001110010011
001110001110
001110001101
001110001011
001110000111
001101111000
001101110100
001101110010
001101110001
001101101100
001101101010
001101101001
001101100110
001101100101
001101100011
001101011100
001101011010
001101011001
001101010110
001101010101
001101010011
001101001110
001101001101
001101001011
001101000111
001100111100
001100111010
001100111001
001100110110
001100110101
001100110011
001100101110
001100101101
001100101011
001100100111
001100011110
001100011101
001100011011
001100010111
001100001111
001011111000
001011110100
001011110010
001011110001
001011101100
001011101010
001011101001
001011100110
001011100101
001011100011
001011011100
001011011010
001011011001
001011010110
001011010101
001011010011
001011001110
001011001101
001011001011
001011000111
001010111100
001010111010
001010111001
001010110110
001010110101
001010110011
001010101110
001010101101
001010101011
001010100111
001010011110
001010011101
001010011011
001010010111
001010001111
001001111100
001001111010
001001111001
001001110110
001001110101
001001110011
001001101110
001001101101
001001101011
001001100111
001001011110
001001011101
001001011011
001001010111
001001001111
001000111110
001000111101
001000111011
001000110111
001000101111
001000011111
000111111000
000111110100
000111110010
000111110001
000111101100
000111101010
000111101001
000111100110
000111100101
000111100011
000111011100
000111011010
000111011001
000111010110
000111010101
000111010011
000111001110
000111001101
000111001011
000111000111
000110111100
000110111010
000110111001
000110110110
000110110101
000110110011
000110101110
000110101101
000110101011
000110100111
000110011110
000110011101
000110011011
000110010111
000110001111
000101111100
000101111010
000101111001
000101110110
000101110101
000101110011
000101101110
000101101101
000101101011
000101100111
000101011110
000101011101
000101011011
000101010111
000101001111
000100111110
000100111101
000100111011
000100110111
000100101111
000100011111
000011111100
000011111010
000011111001
000011110110
000011110101
000011110011
000011101110
000011101101
000011101011
000011100111
000011011110
000011011101
000011011011
000011010111
000011001111
000010111110
000010111101
000010111011
000010110111
000010101111
000010011111
000001111110
000001111101
000001111011
000001110111
000001101111
000001011111
000000111111
